StartsDato;Varighed;Cykluslængde;Næste Cyklus start
0;4;31;31
31;4;35;65
66;5;33;98
99;5;30;128
129;5;30;158
159;5;31;189
190;5;30;219
220;3;34;253
254;4;31;284
285;4;30;314
315;4;30;344
345;4;28;372
373;5;32;404
405;6;32;436
437;6;30;465
466;6;27;492
493;6;35;527
528;6;35;562
563;4;25;587
588;4;31;618
619;6;29;647
648;6;30;677
678;7;33;710
711;7;35;745
746;7;29;774